.Random.seed <-
c(403L, 10L, 120692117L, 1203626543L, -1219006666L, 1764388704L, 
-252029533L, -101228863L, -45820240L, -1804545586L, 838272313L, 
1644255563L, 549825274L, -1349317636L, 815541311L, 1374188821L, 
-1067131348L, -359996670L, 2060787677L, 2132122327L, -664660546L, 
1553330168L, 753937371L, -1543944647L, -418156664L, -1121046730L, 
1958636913L, 1956218787L, 2139344626L, 40703556L, 1695226119L, 
718323933L, 1472890324L, 411588858L, 742539333L, 1223600287L, 
718303782L, 2044085936L, 1314237267L, 1084671601L, 1497492384L, 
1342929726L, 1583465033L, 2136454907L, -786151734L, -1042778068L, 
-618160081L, -687808283L, 747342236L, 618066930L, -523293075L, 
2004655015L, 725837262L, 1815597864L, 1047886123L, -1750973623L, 
1381312600L, -368653050L, -961345311L, -642326413L, -533496606L, 
-1035621292L, -742190761L, -1895534259L, -229849884L, 687823050L, 
-1037781707L, -1706157169L, -1659608938L, -900923328L, 1179953411L, 
740295969L, -1757575664L, -64522770L, -1201526375L, -1556847061L, 
1500999450L, 881145308L, -238576673L, 1747479477L, -799746740L, 
35578786L, -1073362179L, -1355566089L, -631960290L, -1352912936L, 
1762730299L, 1017460441L, 353512040L, 1596668822L, -251814127L, 
-1040791357L, 1418893522L, -1526096540L, -885120857L, 569357821L, 
-1051269132L, 734490842L, -661257691L, 891395903L, 1576627398L, 
-229269168L, 1914106227L, -1799226479L, 804203968L, 51767198L, 
-1375389335L, 1866488219L, -637784918L, 484670156L, -162823281L, 
637630405L, -1325073540L, -1210530862L, 1693389645L, 844911111L, 
724660718L, 752258248L, 118588363L, -1373796823L, -1806480264L, 
191121830L, 1708911553L, 813606995L, -13320446L, 1778919988L, 
1650606007L, -1811759187L, -1534894908L, 153227498L, -1493039275L, 
-552363793L, 1087721206L, 1149532704L, 443477987L, 1192985729L, 
-2109713680L, -1063454322L, -226060551L, 1506043019L, -46265158L, 
1992378300L, -1895926529L, -1051535275L, 588475244L, 1435894722L, 
-1826667491L, 1900852375L, 12141054L, 1196245432L, 640044443L, 
-273738759L, 1646451528L, -565889418L, 623423409L, 1261031907L, 
-291416398L, -1097176316L, -690415545L, -352088291L, 116561300L, 
-1575438022L, -1398479483L, 231681631L, -1664452378L, -2126857360L, 
-1385603949L, -723924687L, 1077153760L, -352848770L, -1357400311L, 
404257083L, -724132598L, -1724590868L, -1363295889L, -2039937371L, 
76568668L, 1753903154L, -571398355L, -309418521L, -1814030066L, 
1861287656L, 725618923L, 542085513L, 292360472L, 1381278790L, 
519122081L, -2021280973L, -1897555294L, -1181978220L, 1183039511L, 
1015552013L, 2026196260L, 1126332682L, -1696444299L, -1515013169L, 
-1526960938L, 1260428416L, -868121917L, 680062049L, 2081213648L, 
1826283054L, 1667276761L, -609730581L, 1119016538L, 1655959580L, 
-2038231777L, 832892277L, -1959273460L, -355090974L, 1696202429L, 
1225955639L, 1809268190L, 135238424L, -1145300357L, -1899440103L, 
-137195352L, -437398954L, -654418223L, -908382589L, 1086154002L, 
713609380L, 680300647L, 889283005L, 911518516L, -254926694L, 
-733583643L, -88108929L, 204950022L, -1315880876L, 590712770L, 
1922945056L, 416755900L, 1819085392L, -1231874078L, 275005032L, 
-54620596L, -278814468L, 398649330L, -991623936L, -834120844L, 
-247967736L, 72880570L, 1633742288L, -312757268L, -679851116L, 
1790028754L, 1519855456L, 386482508L, -2047635168L, -242860158L, 
1021716200L, -1176430356L, -1171712452L, 658994034L, -700262800L, 
889914404L, -1576517832L, 1442936986L, -1672405296L, 1550294204L, 
-797488492L, 1711379074L, -2038775616L, 381973820L, -2032109424L, 
1969985058L, -761671160L, 561765644L, -1296117092L, 1333888530L, 
1690634624L, -651576812L, 8539688L, -2038525638L, -1435780144L, 
2058583660L, 1961292596L, 1420268178L, -1386691232L, 113032524L, 
-1277447200L, -1607135326L, -1264181336L, -478222452L, 1180084924L, 
-2030300302L, 1768384752L, -1323416508L, 2042234200L, -1825284038L, 
2140959600L, 408384572L, 1992719124L, -1233713726L, 713620704L, 
-1244078212L, -104212784L, 2091313826L, 193938472L, -47435508L, 
202193852L, -1593123534L, -1230321728L, 1718040116L, 1977140168L, 
1139309754L, 676421520L, 529777132L, 773657684L, -1291236718L, 
269839136L, -733795892L, -1054641184L, 1996525250L, -1171106264L, 
579096236L, 710672060L, -454704654L, -42143440L, -1641543516L, 
1980316344L, 210220890L, 1062063504L, 1334746492L, 2087979284L, 
156468546L, -909815040L, -1088306244L, -113544368L, -1969431262L, 
-2069526200L, 761256972L, 621253724L, 2093548754L, 2096231424L, 
1677420372L, 841701864L, 583017466L, 1549460176L, -1901277908L, 
-2007546636L, 327963538L, -687664032L, 1318451468L, -857902368L, 
-1368703646L, 1824143016L, 1749376588L, -613264516L, 1102946098L, 
1555581552L, 858468676L, -6608936L, -1211681670L, 1151994416L, 
1445140156L, 426821460L, -1699367358L, -54339680L, 2082325692L, 
-486420016L, 1124102498L, 1888194536L, -1522175028L, 1324693244L, 
226915314L, 1335905408L, 1975601396L, 552345736L, -1549995718L, 
-1162146992L, 1775259756L, 1613311124L, 753571154L, -1774912800L, 
1034550476L, -82811744L, -2105981566L, -1767369496L, -818141972L, 
-1973442500L, 1557048434L, 351865968L, -1286204892L, 668087864L, 
-208199142L, -148583216L, -1746809284L, 1870252180L, 1043231874L, 
1378694080L, -1748285124L, 1866010256L, -1739156446L, -358170616L, 
-1064123252L, 828996636L, 1642893458L, 1333501056L, -483324908L, 
1813915432L, -195325894L, -950052656L, 1856340076L, 386913972L, 
-750257134L, 271307744L, 991830988L, -1125299744L, 836704290L, 
-1190965976L, 607633676L, -117489092L, -1215403790L, 948301040L, 
-167387324L, -2105869224L, 2007596602L, -471115536L, 1467827900L, 
1708302868L, -1667423038L, 683137632L, 1061708156L, 1606163664L, 
1074507810L, -601410392L, 943976844L, -808422980L, -1685722062L, 
-671625408L, 388401844L, 622755144L, 1956542138L, 395848464L, 
-1484171028L, -335385516L, 861352722L, -280121952L, 1916946380L, 
1514314592L, -2118546238L, 489763368L, -262021716L, 1812239164L, 
-1855488142L, -1454239952L, 1615752228L, -2068622792L, 1438045914L, 
-1853291632L, -879738628L, 2022738324L, -148673726L, -812928512L, 
-1552178696L, -821736031L, 1549673299L, -664384908L, 2135723010L, 
1684479639L, 2015160417L, 69002406L, -763669340L, -811829931L, 
-791200257L, 1700492440L, -1396612682L, -998122941L, 1783103365L, 
148896802L, -208146672L, -74290503L, 735289195L, -412410276L, 
-848526454L, 628104063L, 1247987401L, 1728286558L, -1681476596L, 
-1004629027L, -220104985L, -1429866736L, -534059474L, -620086053L, 
-211521091L, -1229918422L, -99297336L, -518550287L, -1704467869L, 
-277428636L, -330674798L, -1348687257L, -1460133327L, -777375882L, 
-54750060L, -840873307L, 1503684527L, 2132907112L, 447912006L, 
354119155L, -669898411L, -1981031630L, 1012711168L, -1292989463L, 
-879856037L, -336164692L, -862724422L, 2128256111L, -2024302087L, 
1493040270L, 723973468L, 676300237L, 559302967L, 130077632L, 
1818406046L, 1658442091L, 496535789L, -1153519270L, 511265304L, 
1759270785L, 2043811123L, 732928852L, -870912670L, -1865249289L, 
1224369729L, 1037066950L, 398087172L, 172663733L, -208995169L, 
-966928136L, 267849942L, -2084415133L, 521696549L, -504622398L, 
1619189680L, 1966416857L, 1441148235L, 696667068L, -32025622L, 
-866118625L, -71560535L, -949709250L, 1374620460L, 1209894269L, 
-1613706297L, 985692848L, 1336076494L, -1355644421L, 257577565L, 
-1017950838L, 228431272L, -509658351L, -729015805L, 1397681412L, 
-598218446L, 94697351L, -1818499631L, -1051797674L, 1788994868L, 
-2001556411L, 1767855247L, -1585511928L, 1040809510L, -1595554093L, 
2063284277L, 1429903250L, -572692640L, -309992759L, -580557317L, 
-1359638068L, -388802470L, 895362383L, 962407449L, -1873694162L, 
-899993540L, -1545890387L, 769173079L, -1998481504L, -1185712898L, 
50726859L, 768823757L, -184802054L, 113125176L, 1506161889L, 
-730425453L, -623277132L, -1660976958L, -471984937L, 1069695265L, 
1882065126L, 1204714980L, -420636395L, 821875007L, -1574568744L, 
