.Random.seed <-
c(403L, 395L, 1763737359L, 514825475L, -777563463L, -1402744052L, 
460690022L, -1066889195L, 1812163850L, 316455881L, -1857434441L, 
-1283899836L, -672550505L, -507394037L, -189655853L, 2115286105L, 
-469518573L, 1669108680L, 2046907028L, -400154904L, 1058542666L, 
1000774440L, -435496975L, 1415240283L, -725434349L, 1757476469L, 
-1395314931L, 1845404845L, 790116300L, -509387853L, -931682314L, 
945712164L, 1644169386L, -1593807820L, 497933948L, 2131028609L, 
-1648771221L, -493961354L, 443060916L, 2143275961L, 1448839119L, 
2050753967L, 1770388316L, -1287802588L, -62478992L, 1709734520L, 
1379571531L, 1346514633L, 186590346L, 529317518L, 1034655400L, 
1213602270L, -1207320707L, 559017088L, 1468895372L, 727768920L, 
-1262623157L, -532769303L, 389609745L, -976300349L, 669982176L, 
-1765355643L, 1495490634L, -110715271L, -2110334695L, -477323244L, 
1727288766L, 157931103L, 910963652L, -682983407L, -1984251857L, 
-1606492715L, 671039790L, 1246702863L, -77404450L, 331418819L, 
1343567190L, -300490236L, 1745818654L, 1041063500L, -2129794019L, 
-1473137532L, 861084763L, 1363551998L, -1000803477L, -374142828L, 
-564206684L, -126657423L, -1715453103L, 305044501L, -1062713475L, 
321961150L, 467443383L, 1498507187L, 949422983L, -2079114224L, 
1874373705L, -2050615290L, -289691837L, 1511155412L, 2014958925L, 
2126622494L, 2111453547L, 559139416L, -866771078L, 1656542996L, 
-157346560L, -394269281L, -560456139L, -676382476L, -2018121175L, 
-1012990824L, -370561143L, 228152568L, 185221754L, 1088273516L, 
-63264172L, 605029935L, -322467628L, 820841602L, -1070065450L, 
-2123421448L, 1180475172L, 738130859L, 1891370084L, -1780771037L, 
-1482001735L, 1078481707L, -757079648L, 2095470735L, -2136859871L, 
1602816042L, -1021945765L, 3669249L, -1817132159L, 1782733385L, 
1018379226L, 429943620L, 744113112L, 74321356L, -579620590L, 
123735197L, -392841663L, 2014175858L, -629693721L, -755863473L, 
721289931L, 650585142L, -882835602L, -676900072L, 946852463L, 
-1552405343L, 1264400972L, -1461265396L, 1484345296L, -860538222L, 
-923576429L, 1965252243L, -1642811746L, 18992219L, -1406012206L, 
-287947982L, -1797602610L, 1618763445L, -1111101274L, 1168339961L, 
-196719641L, 1622975839L, 1292992091L, -1037418737L, 1855696033L, 
1865602420L, -1079244143L, 279252182L, -1758063096L, 920709238L, 
-1583310931L, 1312846675L, -1462638767L, 472870879L, -665774000L, 
1903347743L, 1218656201L, -9701948L, -1417750288L, 1630206404L, 
1392391241L, -645461861L, 1084821745L, 225839990L, -468224375L, 
-3690346L, 254348888L, -1107370515L, 2032478680L, -1026273681L, 
49489879L, 678507772L, 1517363165L, 1730494530L, 2119609029L, 
-418814810L, 435656126L, 1910459000L, -1923253336L, 112095693L, 
-1054981768L, -704200725L, -1559903587L, -1102845893L, -1928373855L, 
289231787L, -1221348005L, -805088834L, 1641036319L, -664395092L, 
665374784L, 2064362957L, 1636548687L, -931419944L, 1675894699L, 
488504087L, 753046241L, -395624171L, 719531706L, -1396525847L, 
2044310039L, -1526438654L, 779664956L, -415270521L, 142961008L, 
-111055599L, -485581968L, 1368707969L, -865378195L, -1793008537L, 
45234348L, -1182510611L, -315793936L, 491724870L, 579978218L, 
-270262705L, -532166914L, 1230041053L, 394879776L, -419731482L, 
710969340L, 518626646L, 772314597L, -652828678L, 1381026308L, 
-2115140753L, 459481349L, 520474539L, 1837843209L, 1706468704L, 
-692770994L, 1712419901L, -1940643752L, -33461243L, -814719387L, 
1791888940L, -273187069L, 20041308L, 389769465L, 1543972846L, 
828742862L, -1235990753L, -1605647073L, 501705723L, 260343645L, 
2078682358L, 1174779703L, 1513233371L, -1816686727L, 1499576796L, 
374278802L, -330041440L, 666661385L, -187340182L, -1547096130L, 
795490538L, -1535033295L, 1398538601L, -1531180409L, -1640749125L, 
-370470209L, 2130139787L, -1979783596L, -806361158L, -1818444655L, 
-1665539611L, -588662725L, 333318310L, 1298649320L, -1306748441L, 
113960630L, 858266281L, 1829003051L, -1002464016L, -2132133885L, 
735048932L, -705232626L, 438281684L, 1370311853L, -1102722275L, 
-53444623L, -1565615010L, -326047861L, 1955584580L, 1956334151L, 
-979936350L, 2027513083L, 791597305L, -145982453L, -775955891L, 
988534290L, 550992839L, -1605712290L, -194183546L, -1851872897L, 
-589069365L, 2069241167L, 303540132L, 975358439L, -2059841178L, 
-1805846429L, 376220050L, 846733410L, 810006184L, 218281440L, 
1418089358L, -2008554553L, 964748868L, -1156102526L, -1652622360L, 
41887829L, 156021481L, -924481726L, -1109202119L, 1701137875L, 
2140549529L, -1369645867L, -1693395041L, -127514515L, 85865374L, 
-966697581L, 641388170L, -1661522506L, 661520774L, -217247283L, 
101263273L, -1729307396L, 480226081L, -1644270730L, 1440220858L, 
-1714390117L, 2065688714L, 553845110L, 44970350L, -275452958L, 
-312347453L, 1603426581L, -1565357200L, -546445194L, 660521906L, 
1075727051L, 967770286L, -1233741016L, 1605934738L, -2143852032L, 
-1890556797L, -938802604L, -2039241086L, 1502770717L, -1729523766L, 
606812087L, -328745261L, -229766874L, 623038659L, -753350348L, 
-515561926L, 525142184L, -1471924353L, 737287466L, 346021862L, 
-797269425L, 275725879L, 789248494L, 825909069L, 1210769100L, 
1208267659L, -627501134L, 272597422L, -1057393761L, -1455670687L, 
801857281L, -1597936179L, 867312934L, 63886064L, -1314806103L, 
-1560698390L, -985327549L, 47131309L, -2002146737L, 1673339904L, 
1986076608L, 628361610L, 110523704L, -1230927081L, -1840860834L, 
1583853137L, -77019668L, -478549050L, 1838229277L, 1183142764L, 
-1939340636L, 1974250446L, -1418866883L, 330137658L, -1393696840L, 
-1694582639L, -296651880L, 853546020L, -871718753L, 607383871L, 
1800254486L, 1716277437L, -924044136L, 558031786L, -1970938472L, 
-55564232L, 1258719886L, 294702502L, -1355034982L, 609838185L, 
1808074724L, -1866809131L, 291233244L, -73261795L, 2128791186L, 
1749529807L, -1975381180L, -589187026L, -1671891831L, -1057067464L, 
-1471020090L, 1600738535L, -655602249L, 840907910L, 2002921394L, 
1704640217L, -883303784L, 320152558L, 1520136990L, 2011335833L, 
1059532018L, 1840864989L, -1751236974L, 1489978301L, -1902932787L, 
-361910583L, 43598329L, -1111082818L, -1567647188L, -1982591374L, 
-123508228L, -1981736286L, -1896155755L, -1212360675L, 762983173L, 
495847239L, -290481724L, 1458556436L, -1317979901L, -1360656805L, 
-422049263L, 1201236428L, 635369043L, 1932756954L, 1061047821L, 
-1755765250L, 1562814190L, -1090823557L, -885011644L, -1264364958L, 
-1031938228L, 1278368775L, -1919351047L, 809249059L, 1955070758L, 
1099858710L, -835776455L, -1103012039L, 816531970L, -1495563982L, 
-541212588L, -1855197782L, -965466823L, -1676866562L, -511720449L, 
905137229L, 761730664L, -160289066L, 834373002L, 559026853L, 
446347759L, -2024939332L, -587014414L, 570947364L, 390479385L, 
-1108670487L, 465563889L, -1241676992L, -1426213690L, -1576117101L, 
-1770415503L, -1930514206L, -2052776746L, 1880950551L, -1524005297L, 
-754304981L, 1380715055L, -235757897L, -1702031125L, -1174622956L, 
-1756246865L, -734596543L, 1550077714L, 899959719L, -501277694L, 
-2096398949L, 354563463L, 950448813L, 847195256L, 567466648L, 
1405704880L, -807660465L, -1047934312L, 1705913979L, 1477124917L, 
-1947767079L, -1451162160L, 1201041141L, 1966460033L, 1966502116L, 
-330091822L, 222369521L, -1054750653L, -1089004939L, -1420676121L, 
1651900262L, -56743428L, -157680256L, -479537346L, 1170820820L, 
327114329L, -894770912L, 650045181L, 186671298L, 1287498381L, 
-862380681L, -498489756L, -1988696035L, -2114630510L, -1939562999L, 
-649332258L, 830407802L, 1269288242L, 1352993953L, 1552748439L, 
1962391271L, -650090122L, 212605883L, -331295877L, 616283474L, 
679810535L, -2061099816L, 349687079L, 1986117466L, 2068502381L, 
664211398L, 386536418L, -1653730030L, 2110631625L, 1082266835L, 
1372752213L, 675237640L, -221221345L, -916011090L, 1514969170L, 
1125769708L, -1358426135L, -83714283L, 836974751L, -1944412756L, 
